245.77
244.91
243.76
241.47
245.10
247.49
254.18
254.76
255.33
257.15
265.85
268.72
271.21
274.55
283.54
290.52
294.25
295.69
294.25
291.67
288.71
286.32
283.54
280.77
281.34
276.85
269.87
269.87
276.56
291.38
306.88
316.25
324.38
328.78
326.77
325.62
321.70
321.22
323.33
329.83
336.24
342.36
333.08
324.47
319.60
316.44
307.16
295.78
292.49
289.82
287.72
287.63
290.20
298.70
306.71
321.79
328.18
322.55
317.21
312.82
310.91
307.28
306.52
306.33
308.33
307.09
304.14
298.60
292.87
286.86
279.32
270.07
253.70
249.60
246.37
247.51
251.13
263.13
274.76
289.90
298.19
303.05
304.38
306.39
305.34
305.62
309.53
317.44
324.87
328.68
322.01
312.48
305.91
302.19
298.76
291.33
290.36
287.60
285.60
286.07
291.31
299.99
319.23
362.88
396.99
393.47
402.71
409.38
403.76
408.14
410.53
428.16
482.57
480.38
458.46
435.97
400.33
360.59
333.05
317.52
316.42
312.32
304.50
303.74
303.07
300.98
310.32
314.04
317.18
317.47
318.33
314.42
312.42
310.89
308.79
310.60
312.32
312.32
308.22
300.59
295.06
290.11
283.91
275.14
278.15
271.18
266.31
261.25
264.49
269.75
275.00
279.68
285.02
290.37
293.81
295.43
294.67
294.09
295.81
301.35
310.71
314.34
311.28
305.27
300.20
298.30
295.81
291.23
292.56
291.31
289.31
289.40
291.03
291.79
292.65
290.26
292.36
294.66
297.91
295.33
295.14
294.18
293.80
294.75
297.72
299.82
297.24
295.42
293.22
294.28
289.50
283.96
280.61
276.50
275.26
276.89
282.05
288.83
293.89
308.22
315.39
313.48
312.52
307.56
305.36
303.64
302.01
304.88
306.03
305.26
300.68
294.66
289.78
286.35
281.76
274.12
257.32
250.35
250.63
250.44
263.33
275.36
284.91
296.75
299.33
297.70
296.75
296.18
295.13
295.22
295.32
295.89
297.61
297.89
295.70
290.07
283.38
280.90
277.56
267.34
242.25
234.51
231.46
231.55
235.85
246.94
267.67
277.04
278.76
278.95
279.33
279.33
279.43
278.76
279.05
279.72
281.63
282.97
280.96
277.71
272.74
266.24
254.58
239.29
224.67
221.80
221.61
221.99
229.55
242.47
271.65
282.27
286.00
283.61
283.42
282.75
282.37
282.46
283.71
285.62
289.93
292.41
290.60
284.47
281.60
280.84
278.63
274.81
275.59
273.60
274.55
274.45
276.64
288.61
304.00
336.96
356.91
351.88
352.64
342.09
337.53
327.27
318.06
317.30
330.31
342.85
324.52
303.90
295.92
294.31
290.79
283.00
281.01
272.67
268.68
267.16
268.30
270.20
278.26
280.63
289.55
292.30
295.06
295.24
294.30
292.87
292.97
294.68
298.38
304.83
302.36
296.29
294.68
290.12
285.95
279.02
273.19
267.59
264.27
263.33
264.94
270.15
274.61
276.41
288.26
296.61
297.37
298.03
297.37
297.08
296.61
297.46
303.15
309.88
308.08
303.63
298.41
297.46
296.89
292.91
293.01
291.11
291.49
291.49
296.04
299.74
322.12
421.78
459.14
490.52
488.44
472.89
439.41
409.45
453.54
442.16
595.40
768.55
566.10
398.36
322.40
307.70
299.93
293.86
290.70
288.04
288.23
288.14
291.17
296.77
304.17
380.73
396.01
352.56
339.65
322.48
314.99
310.91
308.53
308.91
313.66
314.42
306.45
297.91
291.65
288.42
284.72
280.45
274.09
270.38
269.24
269.62
274.66
282.08
286.27
293.12
294.17
292.74
291.13
289.79
287.98
285.89
284.65
285.32
287.03
288.17
285.41
280.66
275.61
274.95
273.04
264.95
255.05
248.57
247.05
249.62
263.72
272.96
276.49
283.06
286.30
285.63
284.59
282.97
280.11
278.30
277.54
279.44
282.20
283.54
282.87
279.73
274.20
273.63
273.15
268.58
257.89
255.42
253.70
255.99
263.42
265.43
272.77
283.16
285.73
284.78
284.02
282.87
280.59
279.44
277.25
277.73
280.30
282.30
281.73
274.58
269.34
268.10
265.43
260.85
259.98
254.95
252.57
252.86
255.04
260.74
260.27
265.78
271.10
275.19
277.94
278.13
275.85
275.09
274.62
278.23
282.12
284.59
283.93
281.55
275.95
273.76
269.39
264.54
268.29
262.39
259.35
258.21
258.97
262.58
263.16
267.63
271.05
275.42
280.56
280.56
278.85
278.85
279.23
280.94
283.13
284.93
284.55
282.84
281.13
279.23
274.66
267.53
265.91
261.35
258.59
261.63
268.29
273.81
281.04
287.88
290.07
289.50
287.12
285.41
284.84
283.98
283.98
284.93
287.50
291.02
287.88
283.79
281.13
279.13
274.28
270.29
274.41
273.37
273.18
274.22
278.98
280.40
288.48
321.00
369.21
341.83
333.84
319.10
307.79
303.98
298.85
301.13
310.92
319.39
308.83
291.43
284.78
281.35
275.36
270.04
271.86
268.25
265.22
265.31
271.20
272.81
279.55
293.21
297.67
294.06
292.74
289.51
287.33
285.33
284.86
285.52
288.18
291.79
289.13
282.30
276.32
273.95
266.45
260.09
255.74
252.52
250.62
249.67
256.03
265.51
276.80
293.78
296.82
296.25
295.96
294.92
293.50
293.12
293.50
295.30
298.05
301.09
298.71
290.84
283.16
281.45
275.57
271.87
266.89
262.44
261.40
264.81
269.63
277.47
288.54
306.88
306.22
302.34
301.49
299.60
296.10
293.45
292.98
293.74
298.27
301.39
299.88
291.56
283.15
280.59
276.43
271.05
269.92
265.85
264.53
263.77
264.06
265.48
268.88
271.05
275.31
279.85
281.93
281.93
281.45
279.85
279.00
281.36
285.14
291.00
287.32
283.06
279.75
277.39
273.70
269.54
270.48
264.14
259.89
257.62
256.96
259.13
258.28
261.59
267.36
271.80
274.07
273.50
272.28
271.52
271.24
272.84
277.00
281.07
279.93
275.58
272.84
271.33
268.78
264.33
259.23
255.35
255.16
261.88
270.10
278.80
287.21
303.10
306.03
302.91
301.68
300.83
297.90
298.27
296.95
297.71
304.23
316.14
307.26
296.29
291.84
285.70
283.81
277.10
270.45
268.75
268.94
270.54
275.36
284.15
297.66
324.69
337.45
323.27
321.19
314.58
310.61
309.10
307.49
308.91
324.97
347.56
323.46
302.10
297.66
295.39
288.31
283.39
274.91
272.45
271.79
272.55
278.68
287.18
297.57
326.75
334.31
315.99
311.64
302.95
299.84
300.50
300.59
300.12
305.31
313.34
304.18
296.91
290.49
286.52
281.71
273.58
272.35
269.34
268.58
268.77
273.11
280.65
293.10
308.19
310.83
309.04
309.04
305.83
305.45
306.87
309.32
307.06
310.36
316.77
314.70
306.11
299.70
295.55
289.33
282.54
281.97
278.86
278.20
278.67
284.61
293.65
304.77
320.13
325.50
325.02
323.71
317.68
315.13
314.76
313.72
314.94
318.24
335.20
325.50
312.21
300.53
294.59
291.58
288.19
289.39
284.10
281.83
280.32
282.49
284.47
288.82
292.03
296.19
302.61
305.82
306.67
304.50
303.65
302.80
304.69
313.75
319.61
318.29
313.66
303.27
299.77
295.62
290.90
291.64
288.90
286.54
283.99
284.37
286.26
289.75
294.10
294.48
299.01
301.56
302.41
301.47
300.81
299.77
300.24
305.72
315.26
314.51
306.48
300.43
298.64
294.48
289.28
286.83
281.35
278.89
281.72
290.32
296.93
310.63
332.65
351.45
344.46
332.55
321.03
320.08
320.36
323.10
325.56
330.47
362.60
345.31
321.21
313.37
303.17
298.64
292.97
294.00
292.49
291.54
292.20
296.55
309.99
319.36
379.45
401.59
391.37
377.93
343.39
327.88
330.43
335.63
333.46
353.42
399.03
385.50
336.68
319.83
315.95
311.22
302.80
300.04
297.09
296.05
296.52
302.22
317.22
325.09
416.78
446.30
449.15
440.70
396.19
359.93
364.67
374.93
369.04
396.76
519.58
498.89
396.66
357.94
339.24
320.92
314.56
307.37
305.95
305.10
306.24
314.28
318.16
358.36
474.35
577.56
577.85
549.56
465.36
464.79
474.16
457.04
445.31
473.97
557.79
539.91
396.39
352.12
330.27
317.21
308.70
313.72
310.03
307.85
306.71
309.08
318.56
338.36
432.67
477.60
445.85
435.04
375.14
358.65
347.84
341.30
339.12
345.66
363.77
361.87
326.52
317.04
314.57
311.35
304.34
303.03
299.71
296.10
294.68
294.97
299.24
301.32
302.75
304.36
309.39
311.38
308.25
305.88
303.98
303.03
303.98
307.58
317.83
317.83
312.14
307.21
306.73
304.55
301.42
294.76
290.59
285.00
284.71
279.88
280.16
284.62
288.98
297.99
304.15
306.62
306.33
296.66
290.97
290.21
293.34
302.54
315.72
317.61
314.86
309.55
304.25
305.00
294.29
280.73
279.97
282.44
281.68
288.03
302.92
314.58
334.02
344.35
347.29
333.45
319.23
316.38
315.72
314.11
314.30
318.18
327.09
324.72
318.09
312.78
309.46
303.58
297.23
284.81
281.59
283.29
283.67
285.48
297.90
311.57
328.55
352.74
335.28
322.19
316.50
314.51
316.50
316.50
316.59
327.32
367.45
365.36
338.80
318.11
316.69
311.85
303.22
297.87
298.82
298.82
299.77
306.96
311.79
345.78
432.04
482.13
439.61
393.98
329.02
318.23
318.51
325.14
321.35
331.67
355.63
376.08
322.68
313.78
311.98
302.70
293.61
285.26
283.47
283.18
285.26
286.40
294.90
300.20
309.65
311.35
308.51
306.43
301.90
300.48
301.52
301.90
301.14
303.13
307.95
308.14
301.52
296.41
293.11
290.65
283.37
279.93
273.49
272.83
273.40
283.34
291.20
301.81
307.30
313.93
311.66
309.57
304.74
303.32
302.85
301.90
298.78
300.67
304.27
305.22
300.77
293.66
291.49
291.20
287.51
284.66
282.67
278.04
280.40
283.24
285.42
284.57
287.79
290.81
293.37
296.11
293.84
291.10
289.20
286.08
284.66
287.41
292.80
292.80
290.15
284.19
280.50
276.52
266.40
262.83
250.15
247.03
243.15
243.05
242.20
245.51
246.65
264.72
282.98
284.02
289.51
285.34
287.80
288.56
287.05
291.30
297.93
299.06
295.66
291.87
289.13
284.21
273.14
254.97
248.82
245.80
246.93
257.15
274.65
288.84
294.99
298.12
297.26
295.94
292.82
292.06
292.44
293.10
292.16
294.05
298.02
298.40
293.10
288.66
284.11
277.77
261.69
255.91
248.33
245.39
241.51
248.80
268.69
287.44
298.24
299.00
298.15
296.35
293.03
291.14
291.90
291.42
292.75
299.00
306.20
311.50
304.87
300.99
298.15
291.14
282.71
270.53
254.42
253.10
252.53
260.01
269.39
282.08
291.65
291.46
290.13
288.62
285.78
284.36
283.79
284.26
283.22
284.36
288.81
289.47
285.68
277.63
271.85
261.43
249.88
247.23
237.38
231.80
237.76
253.29
262.57
286.43
294.57
301.49
303.57
306.79
304.52
301.49
299.88
295.71
291.73
292.68
302.34
309.06
301.58
288.51
284.82
277.53
263.42
268.13
258.74
256.84
258.45
266.23
279.14
291.57
309.40
316.33
313.86
310.83
305.89
299.54
294.89
292.80
291.57
293.65
300.20
306.18
300.67
295.36
293.75
292.61
289.00
286.29
285.33
284.38
285.05
286.10
286.48
292.19
292.38
295.42
298.09
296.85
294.95
286.19
281.53
280.86
281.62
286.10
294.95
295.23
292.09
284.48
281.53
279.15
271.15
272.53
266.04
260.79
260.41
261.55
265.66
271.29
274.83
278.17
279.89
284.09
283.42
281.61
280.46
279.03
277.79
281.32
291.35
301.09
294.78
287.81
285.33
282.85
273.78
274.92
268.62
265.66
266.33
271.67
289.72
302.71
311.21
314.84
313.69
312.64
304.91
295.74
293.73
294.50
296.31
300.80
309.01
310.44
301.47
291.63
281.89
274.06
263.37
261.58
252.32
250.21
246.11
254.13
265.60
283.65
295.31
299.70
297.79
295.12
291.39
291.68
292.63
293.40
294.26
296.07
309.64
311.93
305.05
295.88
294.16
289.38
282.31
275.87
274.06
267.17
266.11
275.59
285.73
296.16
307.07
309.46
308.98
307.64
305.16
294.44
290.90
291.47
295.68
301.61
309.08
317.79
309.94
306.97
301.61
296.73
286.40
282.01
278.10
262.85
263.04
272.38
284.29
296.88
312.79
319.56
307.93
306.31
304.88
301.64
298.30
293.83
292.97
292.68
304.88
316.13
305.83
297.35
290.39
282.67
276.67
277.02
274.25
273.49
277.11
283.97
292.36
301.79
310.46
315.13
313.32
309.70
306.56
304.46
301.89
300.46
299.03
302.84
313.80
331.81
312.66
304.65
302.17
298.08
293.79
297.37
287.36
285.07
274.68
272.68
282.59
277.54
286.03
294.32
298.22
299.37
295.37
293.36
291.08
288.98
287.84
290.79
295.75
300.51
294.89
292.03
289.84
287.17
277.16
279.75
272.60
269.54
266.68
263.73
265.63
268.11
271.36
279.84
286.71
285.76
285.47
287.28
283.56
280.42
280.61
282.13
292.34
309.89
314.94
308.65
301.11
297.11
291.29
289.19
282.42
275.17
267.83
279.56
292.63
314.85
365.31
381.71
370.46
334.88
322.67
319.05
314.94
313.42
311.32
310.27
326.29
349.66
318.38
309.41
306.65
300.64
295.39
293.74
286.69
285.92
286.69
293.74
307.37
333.48
417.07
464.82
464.91
455.48
451.28
425.17
412.97
397.05
373.32
364.93
449.85
471.68
425.07
353.59
337.68
323.86
310.13
306.43
299.86
295.49
293.96
293.20
301.86
326.13
372.57
389.32
363.15
329.27
319.28
312.52
310.14
309.67
307.38
306.24
310.81
314.71
311.95
308.33
298.34
295.58
286.45
284.85
282.85
281.13
280.37
281.80
294.18
310.74
319.79
335.30
325.02
323.02
317.60
313.98
312.27
310.08
310.08
310.65
314.65
320.17
311.69
304.84
304.27
294.46
282.94
276.39
273.81
271.71
272.09
277.73
287.86
303.82
310.51
317.48
310.89
309.84
306.49
300.19
298.37
298.08
300.57
305.25
313.28
327.33
313.57
308.50
306.11
304.68
301.62
294.79
286.94
283.11
279.38
276.89
282.54
293.35
296.89
300.24
304.84
303.69
298.71
294.50
285.41
281.87
283.68
290.58
305.60
313.74
308.76
299.48
296.80
294.31
283.88
276.54
262.74
256.41
253.82
257.27
264.85
266.76
269.06
276.25
278.75
280.47
277.31
277.02
272.90
272.32
272.04
275.58
280.95
295.62
298.30
290.92
290.25
288.04
279.23
267.44
261.59
261.30
268.11
276.54
290.63
305.49
334.73
367.89
332.62
317.28
307.89
304.91
304.72
302.13
302.81
304.44
307.50
320.63
309.13
301.75
298.68
292.26
286.99
278.62
271.44
265.51
266.56
272.40
278.72
299.38
307.99
311.06
304.45
300.63
296.80
287.14
282.35
278.43
277.66
280.82
284.17
289.05
286.47
279.29
270.77
263.31
241.11
230.07
223.32
221.52
225.70
238.61
261.22
280.79
290.10
293.14
288.77
285.92
282.79
280.13
277.56
276.80
275.66
279.56
286.39
291.90
290.38
288.39
285.82
277.94
271.29
264.18
261.31
261.41
261.79
271.15
278.41
291.68
305.05
327.78
322.24
307.73
299.80
292.73
287.48
285.57
286.05
288.43
291.68
292.54
288.82
282.89
277.83
272.58
266.09
255.37
237.97
236.82
239.11
248.90
263.84
277.63
288.66
289.23
284.95
282.19
277.91
273.25
269.54
266.40
264.88
266.40
277.82
283.24
282.57
280.29
274.87
264.31
243.96
256.79
248.74
242.88
245.90
252.62
252.43
256.69
261.99
270.41
272.87
272.40
270.88
268.61
264.17
261.99
261.14
264.26
274.01
289.05
291.98
285.17
282.99
282.43
275.99
271.99
266.67
264.58
264.77
266.67
271.04
271.23
271.32
271.51
274.74
276.26
277.12
274.84
272.37
270.47
269.24
271.23
275.50
281.86
281.96
278.73
274.74
269.05
256.80
254.62
251.39
250.63
249.87
261.36
277.40
295.06
323.92
355.34
337.40
317.18
305.60
302.08
298.95
293.54
290.69
286.99
293.44
297.24
293.25
288.51
276.36
270.66
258.51
250.79
244.14
240.25
239.58
254.40
265.60
280.80
292.95
295.80
290.86
282.22
279.94
275.67
274.62
274.81
275.76
278.33
283.93
289.44
288.49
280.80
276.14
272.63
266.27
254.05
244.08
244.75
250.54
266.49
275.14
284.63
296.89
301.63
297.74
295.94
293.47
292.52
289.38
286.91
286.53
289.38
295.18
302.68
299.16
294.42
290.33
282.26
274.85
271.58
267.58
266.82
268.25
272.44
282.25
295.78
329.97
335.02
318.73
306.83
297.68
292.82
293.01
291.30
290.73
291.49
296.25
307.02
303.49
295.87
293.68
288.25
278.34
272.16
271.78
272.73
270.73
272.06
283.28
303.81
341.27
350.20
333.19
311.04
298.87
291.83
285.56
280.14
282.61
285.66
289.08
291.93
288.13
282.61
279.10
275.29
271.40
268.19
263.14
259.80
258.28
257.51
261.33
265.42
272.00
275.04
272.76
266.76
261.61
259.32
254.85
252.27
254.66
259.90
269.80
285.43
286.95
282.76
279.14
275.43
267.23
270.42
260.89
255.26
250.21
242.40
255.36
260.79
265.08
268.99
267.18
264.99
258.98
250.59
245.16
241.92
245.54
258.22
271.28
280.71
281.67
278.52
274.61
268.32
265.56
255.84
255.55
253.83
262.03
275.19
287.96
304.64
318.65
309.02
302.64
294.25
285.29
281.10
275.19
273.57
275.66
281.19
283.19
284.91
282.91
282.05
279.00
271.66
265.35
260.29
260.20
262.39
267.07
275.65
297.41
333.28
391.68
323.55
314.87
310.10
297.22
288.73
284.15
284.53
285.20
297.89
316.49
324.12
322.98
307.14
292.07
275.75
264.73
258.53
256.15
253.67
258.15
273.11
295.71
322.78
326.31
314.96
306.29
303.72
304.48
302.19
296.76
286.84
285.98
291.32
302.09
314.68
310.10
304.38
292.18
282.93
272.60
265.24
258.83
258.45
261.99
274.03
300.71
335.23
341.63
334.75
305.97
303.77
295.26
288.37
282.64
278.14
276.90
283.79
291.63
295.35
289.04
283.79
273.94
266.48
255.29
250.89
245.92
246.59
248.89
264.76
287.42
314.96
323.47
319.16
304.06
296.41
286.27
277.76
274.13
271.55
271.74
279.67
291.34
290.48
281.30
276.52
271.64
269.06
260.78
258.11
253.34
250.10
251.15
255.82
259.45
258.97
265.46
270.89
266.89
257.35
250.19
248.76
247.52
245.62
248.38
257.92
269.27
271.18
270.42
269.37
267.27
262.21
261.68
257.11
251.50
248.17
248.74
248.27
250.36
254.64
266.44
270.62
269.77
266.63
259.02
252.45
248.84
246.75
244.75
256.45
268.24
273.00
275.19
271.29
267.48
260.44
265.68
263.30
262.35
261.11
265.96
274.52
293.07
325.51
409.41
339.49
334.64
324.65
301.44
293.17
282.80
279.37
278.90
280.80
286.51
289.27
284.41
279.94
271.95
266.91
258.17
254.93
253.13
253.41
257.22
263.97
273.20
287.86
297.09
290.33
282.82
276.06
273.01
269.87
267.21
266.45
266.64
269.97
271.40
274.73
273.87
270.83
266.73
258.07
252.76
249.59
247.58
247.29
249.40
254.49
269.07
275.69
281.07
277.52
273.68
272.05
269.46
266.86
260.72
259.76
261.20
263.70
265.33
266.48
263.60
260.82
249.88
235.10
240.02
235.24
234.09
235.71
240.31
253.72
271.92
291.08
303.05
296.73
290.40
281.88
276.52
273.74
270.10
269.81
268.95
270.20
270.67
271.63
270.67
268.47
261.67
254.49
254.49
